AUC: 0.9612752963297706
AP: 0.9881955141995178
