AUC: 0.9651081282306051
AP: 0.9893718080880831
